200 0.022427 0.057911
400 0.107657 0.195481
600 0.316099 0.480576
800 0.703279 0.829307
1000 1.37747 1.34504
1200 2.49091 2.05698
1400 3.48067 3.03557
1600 5.12881 3.66258
1800 7.37939 5.3362
2000 9.79327 6.4039
2200 13.4381 8.01629
2400 17.26 9.32438
2600 20.8389 11.3457
2800 26.103 13.7302
3000 33.2541 19.2542
3200 39.7237 19.9053
3400 48.2049 22.7762
3600 57.2961 27.0413
3800 66.0301 32.7459
4000 77.0188 37.8636
4200 91.5112 44.0266
4400 103.177 45.0981
4600 116.518 53.5695
4800 128.167 51.9492
5000 150.159 61.235
